"L0","x","y","H0"
2,0,0,0.513730049133301
1,0,0,0.513730049133301
1,1,0,0.330000638961792
1,0,1,0.389633893966675
1,1,1,0.347417116165161
0.5,0,0,0.366860866546631
0.5,0.5,0,0.381348848342896
0.5,1,0,0.311148643493652
0.5,1.5,0,0.312734842300415
0.5,0,0.5,0.314249753952026
0.5,0.5,0.5,0.320826053619385
0.5,1,0.5,0.232286691665649
0.5,1.5,0.5,0.214604616165161
0.5,0,1,0.35883355140686
0.5,0.5,1,0.306099891662598
0.5,1,1,0.347417116165161
0.5,1.5,1,0.317456007003784
0.5,0,1.5,0.379035711288452
0.5,0.5,1.5,0.211011409759521
0.5,1,1.5,0.168398857116699
0.5,1.5,1.5,0.268461465835571
0.25,0,0,0.23643159866333
0.25,0.25,0,0.331657886505127
0.25,0.5,0,0.381348848342896
0.25,0.75,0,0.325387239456177
0.25,1,0,0.267379999160767
0.25,1.25,0,0.195778131484985
0.25,1.5,0,0.187820196151733
0.25,1.75,0,0.284844398498535
0.25,0,0.25,0.17484974861145
0.25,0.25,0.25,0.289840698242188
0.25,0.5,0.25,0.193352937698364
0.25,0.75,0.25,0.206247806549072
0.25,1,0.25,0.194521903991699
0.25,1.25,0.25,0.217082262039185
0.25,1.5,0.25,0.199243068695068
0.25,1.75,0.25,0.287376403808594
0.25,0,0.5,0.258722066879272
0.25,0.25,0.5,0.262109518051147
0.25,0.5,0.5,0.2851881980896
0.25,0.75,0.5,0.193171739578247
0.25,1,0.5,0.196916103363037
0.25,1.25,0.5,0.139412879943848
0.25,1.5,0.5,0.19647479057312
0.25,1.75,0.5,0.107524871826172
0.25,0,0.75,0.248076200485229
0.25,0.25,0.75,0.231843948364258
0.25,0.5,0.75,0.185944318771362
0.25,0.75,0.75,0.183602571487427
0.25,1,0.75,0.159615039825439
0.25,1.25,0.75,0.130318164825439
0.25,1.5,0.75,0.141233921051025
0.25,1.75,0.75,0.117993116378784
0.25,0,1,0.238800048828125
0.25,0.25,1,0.211064577102661
0.25,0.5,1,0.244648218154907
0.25,0.75,1,0.171380043029785
0.25,1,1,0.284737110137939
0.25,1.25,1,0.180703639984131
0.25,1.5,1,0.264367341995239
0.25,1.75,1,0.234448194503784
0.25,0,1.25,0.100712299346924
0.25,0.25,1.25,0.342324733734131
0.25,0.5,1.25,0.271956443786621
0.25,0.75,1.25,0.204823017120361
0.25,1,1.25,0.264791250228882
0.25,1.25,1.25,0.319797039031982
0.25,1.5,1.25,0.301571369171143
0.25,1.75,1.25,0.243762731552124
0.25,0,1.5,0.127215623855591
0.25,0.25,1.5,0.281484842300415
0.25,0.5,1.5,0.183066606521606
0.25,0.75,1.5,0.0825309753417969
0.25,1,1.5,0.130331516265869
0.25,1.25,1.5,0.0924897193908691
0.25,1.5,1.5,0.144274234771729
0.25,1.75,1.5,0.255322694778442
0.25,0,1.75,0.282542943954468
0.25,0.25,1.75,0.300968885421753
0.25,0.5,1.75,0.182189464569092
0.25,0.75,1.75,0.058260440826416
0.25,1,1.75,0.168398857116699
0.25,1.25,1.75,0.0731496810913086
0.25,1.5,1.75,0.0755839347839355
0.25,1.75,1.75,0.138635873794556
0.125,0,0,0.19071364402771
0.125,0.125,0,0.200922012329102
0.125,0.25,0,0.154721975326538
0.125,0.375,0,0.331657886505127
0.125,0.5,0,0.129408597946167
0.125,0.625,0,0.113271474838257
0.125,0.75,0,0.078747034072876
0.125,0.875,0,0.125292778015137
0.125,1,0,0.0320260524749756
0.125,1.125,0,0.0876989364624023
0.125,1.25,0,0.19148063659668
0.125,1.375,0,0.119961023330688
0.125,1.5,0,0.155861139297485
0.125,1.625,0,0.166995763778687
0.125,1.75,0,0.230168104171753
0.125,1.875,0,0.0710709095001221
0.125,0,0.125,0.108550310134888
0.125,0.125,0.125,0.0234591960906982
0.125,0.25,0.125,0.138136625289917
0.125,0.375,0.125,0.280414819717407
0.125,0.5,0.125,0.370546102523804
0.125,0.625,0.125,0.135770082473755
0.125,0.75,0.125,0.238170385360718
0.125,0.875,0.125,0.254532337188721
0.125,1,0.125,0.224517107009888
0.125,1.125,0.125,0.208884239196777
0.125,1.25,0.125,0.159255981445312
0.125,1.375,0.125,0.106119871139526
0.125,1.5,0.125,0.152664184570312
0.125,1.625,0.125,0.174575090408325
0.125,1.75,0.125,0.258407831192017
0.125,1.875,0.125,0.0453977584838867
0.125,0,0.25,0.0627045631408691
0.125,0.125,0.25,0.142709016799927
0.125,0.25,0.25,0.171026945114136
0.125,0.375,0.25,0.222731590270996
0.125,0.5,0.25,0.18737268447876
0.125,0.625,0.25,0.165773153305054
0.125,0.75,0.25,0.143555164337158
0.125,0.875,0.25,0.124825716018677
0.125,1,0.25,0.157324314117432
0.125,1.125,0.25,0.127579212188721
0.125,1.25,0.25,0.113043546676636
0.125,1.375,0.25,0.137205362319946
0.125,1.5,0.25,0.0819180011749268
0.125,1.625,0.25,0.0547592639923096
0.125,1.75,0.25,0.206177473068237
0.125,1.875,0.25,0.162542581558228
0.125,0,0.375,0.164655685424805
0.125,0.125,0.375,0.122331142425537
0.125,0.25,0.375,0.111441373825073
0.125,0.375,0.375,0.256022453308105
0.125,0.5,0.375,0.0773968696594238
0.125,0.625,0.375,0.0365948677062988
0.125,0.75,0.375,0.166691541671753
0.125,0.875,0.375,0.0909759998321533
0.125,1,0.375,0.194521903991699
0.125,1.125,0.375,0.134064435958862
0.125,1.25,0.375,0.0622563362121582
0.125,1.375,0.375,0.186373472213745
0.125,1.5,0.375,0.162106990814209
0.125,1.625,0.375,0.0556652545928955
0.125,1.75,0.375,0.109255313873291
0.125,1.875,0.375,0.231914043426514
0.125,0,0.5,0.235570430755615
0.125,0.125,0.5,0.24542236328125
0.125,0.25,0.5,0.101062059402466
0.125,0.375,0.5,0.18137001991272
0.125,0.5,0.5,0.123106956481934
0.125,0.625,0.5,0.13320255279541
0.125,0.75,0.5,0.177371501922607
0.125,0.875,0.5,0.085404634475708
0.125,1,0.5,0.196916103363037
0.125,1.125,0.5,0.165488719940186
0.125,1.25,0.5,0.0884053707122803
0.125,1.375,0.5,0.117760896682739
0.125,1.5,0.5,0.136868476867676
0.125,1.625,0.5,0.11633563041687
0.125,1.75,0.5,0.0358452796936035
0.125,1.875,0.5,0.0902450084686279
0.125,0,0.625,0.258250713348389
0.125,0.125,0.625,0.248862743377686
0.125,0.25,0.625,0.116117477416992
0.125,0.375,0.625,0.0918691158294678
0.125,0.5,0.625,0.153140306472778
0.125,0.625,0.625,0.164880514144897
0.125,0.75,0.625,0.149447202682495
0.125,0.875,0.625,0.0369565486907959
0.125,1,0.625,0.0727424621582031
0.125,1.125,0.625,0.101757049560547
0.125,1.25,0.625,0.0853197574615479
0.125,1.375,0.625,0.124645233154297
0.125,1.5,0.625,0.0892250537872314
0.125,1.625,0.625,0.131632566452026
0.125,1.75,0.625,0.0715978145599365
0.125,1.875,0.625,0.105450630187988
0.125,0,0.75,0.178810834884644
0.125,0.125,0.75,0.234123706817627
0.125,0.25,0.75,0.137889623641968
0.125,0.375,0.75,0.130125284194946
0.125,0.5,0.75,0.12135648727417
0.125,0.625,0.75,0.168924331665039
0.125,0.75,0.75,0.143455982208252
0.125,0.875,0.75,0.109771728515625
0.125,1,0.75,0.0644500255584717
0.125,1.125,0.75,0.0687935352325439
0.125,1.25,0.75,0.0974490642547607
0.125,1.375,0.75,0.0929007530212402
0.125,1.5,0.75,0.076434850692749
0.125,1.625,0.75,0.0868003368377686
0.125,1.75,0.75,0.117518901824951
0.125,1.875,0.75,0.0929808616638184
0.125,0,0.875,0.190105199813843
0.125,0.125,0.875,0.203180074691772
0.125,0.25,0.875,0.22672176361084
0.125,0.375,0.875,0.231843948364258
0.125,0.5,0.875,0.059981107711792
0.125,0.625,0.875,0.110783576965332
0.125,0.75,0.875,0.176918745040894
0.125,0.875,0.875,0.181149005889893
0.125,1,0.875,0.154091358184814
0.125,1.125,0.875,0.135190725326538
0.125,1.25,0.875,0.130318164825439
0.125,1.375,0.875,0.0915484428405762
0.125,1.5,0.875,0.128762006759644
0.125,1.625,0.875,0.0625379085540771
0.125,1.75,0.875,0.0500533580780029
0.125,1.875,0.875,0.0770256519317627
0.125,0,1,0.231408357620239
0.125,0.125,1,0.199573993682861
0.125,0.25,1,0.210930824279785
0.125,0.375,1,0.0697646141052246
0.125,0.5,1,0.15280818939209
0.125,0.625,1,0.151906728744507
0.125,0.75,1,0.117594242095947
0.125,0.875,1,0.156877517700195
0.125,1,1,0.135680437088013
0.125,1.125,1,0.133379459381104
0.125,1.25,1,0.166810274124146
0.125,1.375,1,0.121346473693848
0.125,1.5,1,0.218179225921631
0.125,1.625,1,0.223347425460815
0.125,1.75,1,0.0854825973510742
0.125,1.875,1,0.083604097366333
0.125,0,1.125,0.103346109390259
0.125,0.125,1.125,0.0910549163818359
0.125,0.25,1.125,0.16534161567688
0.125,0.375,1.125,0.142978429794312
0.125,0.5,1.125,0.166000366210938
0.125,0.625,1.125,0.181325674057007
0.125,0.75,1.125,0.0942542552947998
0.125,0.875,1.125,0.0540778636932373
0.125,1,1.125,0.115966796875
0.125,1.125,1.125,0.284737110137939
0.125,1.25,1.125,0.076495885848999
0.125,1.375,1.125,0.0903651714324951
0.125,1.5,1.125,0.138146162033081
0.125,1.625,1.125,0.233161449432373
0.125,1.75,1.125,0.234448194503784
0.125,1.875,1.125,0.056117057800293
0.125,0,1.25,0.0732064247131348
0.125,0.125,1.25,0.0629549026489258
0.125,0.25,1.25,0.22093939781189
0.125,0.375,1.25,0.280423879623413
0.125,0.5,1.25,0.2445228099823
0.125,0.625,1.25,0.219372272491455
0.125,0.75,1.25,0.172544717788696
0.125,0.875,1.25,0.0721616744995117
0.125,1,1.25,0.152713537216187
0.125,1.125,1.25,0.262984275817871
0.125,1.25,1.25,0.311881542205811
0.125,1.375,1.25,0.270788431167603
0.125,1.5,1.25,0.271739482879639
0.125,1.625,1.25,0.125036954879761
0.125,1.75,1.25,0.243762731552124
0.125,1.875,1.25,0.143114805221558
0.125,0,1.375,0.0982835292816162
0.125,0.125,1.375,0.0740725994110107
0.125,0.25,1.375,0.265230655670166
0.125,0.375,1.375,0.27694845199585
0.125,0.5,1.375,0.240331649780273
0.125,0.625,1.375,0.246867418289185
0.125,0.75,1.375,0.189488410949707
0.125,0.875,1.375,0.0534725189208984
0.125,1,1.375,0.0962541103363037
0.125,1.125,1.375,0.0559921264648438
0.125,1.25,1.375,0.0559582710266113
0.125,1.375,1.375,0.0270626544952393
0.125,1.5,1.375,0.212815523147583
0.125,1.625,1.375,0.196408987045288
0.125,1.75,1.375,0.102333784103394
0.125,1.875,1.375,0.107641935348511
0.125,0,1.5,0.0918638706207275
0.125,0.125,1.5,0.115976572036743
0.125,0.25,1.5,0.249324798583984
0.125,0.375,1.5,0.0988779067993164
0.125,0.5,1.5,0.139737844467163
0.125,0.625,1.5,0.148772954940796
0.125,0.75,1.5,0.0480577945709229
0.125,0.875,1.5,0.0642962455749512
0.125,1,1.5,0.0557072162628174
0.125,1.125,1.5,0.0645458698272705
0.125,1.25,1.5,0.067551851272583
0.125,1.375,1.5,0.0405669212341309
0.125,1.5,1.5,0.0598278045654297
0.125,1.625,1.5,0.11320972442627
0.125,1.75,1.5,0.129350185394287
0.125,1.875,1.5,0.131413459777832
0.125,0,1.625,0.105982780456543
0.125,0.125,1.625,0.100878477096558
0.125,0.25,1.625,0.264947652816772
0.125,0.375,1.625,0.0402147769927979
0.125,0.5,1.625,0.0513360500335693
0.125,0.625,1.625,0.0489940643310547
0.125,0.75,1.625,0.0268559455871582
0.125,0.875,1.625,0.0825309753417969
0.125,1,1.625,0.0820705890655518
0.125,1.125,1.625,0.0711967945098877
0.125,1.25,1.625,0.048828125
0.125,1.375,1.625,0.0471668243408203
0.125,1.5,1.625,0.0311484336853027
0.125,1.625,1.625,0.0491607189178467
0.125,1.75,1.625,0.17620325088501
0.125,1.875,1.625,0.243498086929321
0.125,0,1.75,0.168262958526611
0.125,0.125,1.75,0.20490288734436
0.125,0.25,1.75,0.267795085906982
0.125,0.375,1.75,0.23328709602356
0.125,0.5,1.75,0.173812389373779
0.125,0.625,1.75,0.0323441028594971
0.125,0.75,1.75,0.018779993057251
0.125,0.875,1.75,0.0442955493927002
0.125,1,1.75,0.141664743423462
0.125,1.125,1.75,0.0747430324554443
0.125,1.25,1.75,0.0368037223815918
0.125,1.375,1.75,0.0541074275970459
0.125,1.5,1.75,0.0259373188018799
0.125,1.625,1.75,0.0441360473632812
0.125,1.75,1.75,0.0472006797790527
0.125,1.875,1.75,0.114381551742554
0.125,0,1.875,0.263258457183838
0.125,0.125,1.875,0.0516989231109619
0.125,0.25,1.875,0.0776846408843994
0.125,0.375,1.875,0.135168790817261
0.125,0.5,1.875,0.146651983261108
0.125,0.625,1.875,0.0276877880096436
0.125,0.75,1.875,0.0260064601898193
0.125,0.875,1.875,0.0245137214660645
0.125,1,1.875,0.137328863143921
0.125,1.125,1.875,0.0670480728149414
0.125,1.25,1.875,0.0317490100860596
0.125,1.375,1.875,0.0396876335144043
0.125,1.5,1.875,0.034531831741333
0.125,1.625,1.875,0.058640718460083
0.125,1.75,1.875,0.0943114757537842
0.125,1.875,1.875,0.137804269790649
0.0625,0,0,0.0446462631225586
0.0625,0.0625,0,0.0846600532531738
0.0625,0.125,0,0.114190578460693
0.0625,0.1875,0,0.116776704788208
0.0625,0.25,0,0.0483636856079102
0.0625,0.3125,0,0.0485785007476807
0.0625,0.375,0,0.0647807121276855
0.0625,0.4375,0,0.294620513916016
0.0625,0.5,0,0.0895726680755615
0.0625,0.5625,0,0.08966064453125
0.0625,0.625,0,0.0824418067932129
0.0625,0.6875,0,0.0239207744598389
0.0625,0.75,0,0.0516345500946045
0.0625,0.8125,0,0.0647447109222412
0.0625,0.875,0,0.087482213973999
0.0625,0.9375,0,0.065913200378418
0.0625,1,0,0.0320260524749756
0.0625,1.0625,0,0.0178792476654053
0.0625,1.125,0,0.0420186519622803
0.0625,1.1875,0,0.0584867000579834
0.0625,1.25,0,0.117059946060181
0.0625,1.3125,0,0.101232290267944
0.0625,1.375,0,0.110774040222168
0.0625,1.4375,0,0.0755457878112793
0.0625,1.5,0,0.0995340347290039
0.0625,1.5625,0,0.133047819137573
0.0625,1.625,0,0.147293090820312
0.0625,1.6875,0,0.137457370758057
0.0625,1.75,0,0.130136489868164
0.0625,1.8125,0,0.0874786376953125
0.0625,1.875,0,0.0443308353424072
0.0625,1.9375,0,0.0471434593200684
0.0625,0,0.0625,0.140946388244629
0.0625,0.0625,0.0625,0.118351459503174
0.0625,0.125,0.0625,0.100155115127563
0.0625,0.1875,0.0625,0.0873672962188721
0.0625,0.25,0.0625,0.10901665687561
0.0625,0.3125,0.0625,0.0615789890289307
0.0625,0.375,0.0625,0.0383021831512451
0.0625,0.4375,0.0625,0.293635606765747
0.0625,0.5,0.0625,0.0755703449249268
0.0625,0.5625,0.0625,0.0594286918640137
0.0625,0.625,0.0625,0.0906002521514893
0.0625,0.6875,0.0625,0.0352001190185547
0.0625,0.75,0.0625,0.0282526016235352
0.0625,0.8125,0.0625,0.0328667163848877
0.0625,0.875,0.0625,0.0565991401672363
0.0625,0.9375,0.0625,0.0605213642120361
0.0625,1,0.0625,0.0162479877471924
0.0625,1.0625,0.0625,0.013216495513916
0.0625,1.125,0.0625,0.0750064849853516
0.0625,1.1875,0.0625,0.04402756690979
0.0625,1.25,0.0625,0.15284276008606
0.0625,1.3125,0.0625,0.0498814582824707
0.0625,1.375,0.0625,0.0906338691711426
0.0625,1.4375,0.0625,0.0602028369903564
0.0625,1.5,0.0625,0.112238645553589
0.0625,1.5625,0.0625,0.108699798583984
0.0625,1.625,0.0625,0.0695538520812988
0.0625,1.6875,0.0625,0.104527235031128
0.0625,1.75,0.0625,0.174723386764526
0.0625,1.8125,0.0625,0.23014497756958
0.0625,1.875,0.0625,0.0275068283081055
0.0625,1.9375,0.0625,0.0376203060150146
0.0625,0,0.125,0.0934295654296875
0.0625,0.0625,0.125,0.0346691608428955
0.0625,0.125,0.125,0.0129530429840088
0.0625,0.1875,0.125,0.0139791965484619
0.0625,0.25,0.125,0.0805153846740723
0.0625,0.3125,0.125,0.110878705978394
0.0625,0.375,0.125,0.0777475833892822
0.0625,0.4375,0.125,0.280104398727417
0.0625,0.5,0.125,0.306226491928101
0.0625,0.5625,0.125,0.0537204742431641
0.0625,0.625,0.125,0.080225944519043
0.0625,0.6875,0.125,0.0271170139312744
0.0625,0.75,0.125,0.0607848167419434
0.0625,0.8125,0.125,0.0883212089538574
0.0625,0.875,0.125,0.0928637981414795
0.0625,0.9375,0.125,0.19046950340271
0.0625,1,0.125,0.179753065109253
0.0625,1.0625,0.125,0.177650213241577
0.0625,1.125,0.125,0.140036821365356
0.0625,1.1875,0.125,0.0954537391662598
0.0625,1.25,0.125,0.153435707092285
0.0625,1.3125,0.125,0.13230562210083
0.0625,1.375,0.125,0.100803375244141
0.0625,1.4375,0.125,0.0731797218322754
0.0625,1.5,0.125,0.121696949005127
0.0625,1.5625,0.125,0.0556881427764893
0.0625,1.625,0.125,0.168671131134033
0.0625,1.6875,0.125,0.132008075714111
0.0625,1.75,0.125,0.0471830368041992
0.0625,1.8125,0.125,0.249734401702881
0.0625,1.875,0.125,0.0302939414978027
0.0625,1.9375,0.125,0.0416707992553711
0.0625,0,0.1875,0.0853271484375
0.0625,0.0625,0.1875,0.0215933322906494
0.0625,0.125,0.1875,0.0234591960906982
0.0625,0.1875,0.1875,0.0167617797851562
0.0625,0.25,0.1875,0.0371155738830566
0.0625,0.3125,0.1875,0.104578971862793
0.0625,0.375,0.1875,0.189013719558716
0.0625,0.4375,0.1875,0.25527811050415
0.0625,0.5,0.1875,0.112024545669556
0.0625,0.5625,0.1875,0.0665714740753174
0.0625,0.625,0.1875,0.0323748588562012
0.0625,0.6875,0.1875,0.135770082473755
0.0625,0.75,0.1875,0.237675428390503
0.0625,0.8125,0.1875,0.164203643798828
0.0625,0.875,0.1875,0.158976316452026
0.0625,0.9375,0.1875,0.178328990936279
0.0625,1,0.1875,0.065969705581665
0.0625,1.0625,0.1875,0.0715160369873047
0.0625,1.125,0.1875,0.105239391326904
0.0625,1.1875,0.1875,0.091604471206665
0.0625,1.25,0.1875,0.0998265743255615
0.0625,1.3125,0.1875,0.0759909152984619
0.0625,1.375,0.1875,0.0734808444976807
0.0625,1.4375,0.1875,0.0671615600585938
0.0625,1.5,0.1875,0.106036901473999
0.0625,1.5625,0.1875,0.114707708358765
0.0625,1.625,0.1875,0.132656335830688
0.0625,1.6875,0.1875,0.0230135917663574
0.0625,1.75,0.1875,0.0679252147674561
0.0625,1.8125,0.1875,0.241488695144653
0.0625,1.875,0.1875,0.04205322265625
0.0625,1.9375,0.1875,0.0174458026885986
0.0625,0,0.25,0.039400577545166
0.0625,0.0625,0.25,0.0206537246704102
0.0625,0.125,0.25,0.0365755558013916
0.0625,0.1875,0.25,0.0613119602203369
0.0625,0.25,0.25,0.113111734390259
0.0625,0.3125,0.25,0.120836973190308
0.0625,0.375,0.25,0.163290023803711
0.0625,0.4375,0.25,0.0747296810150146
0.0625,0.5,0.25,0.136995315551758
0.0625,0.5625,0.25,0.105036020278931
0.0625,0.625,0.25,0.0978431701660156
0.0625,0.6875,0.25,0.155948638916016
0.0625,0.75,0.25,0.117785453796387
0.0625,0.8125,0.25,0.0680091381072998
0.0625,0.875,0.25,0.118409872055054
0.0625,0.9375,0.25,0.0276494026184082
0.0625,1,0.25,0.0862555503845215
0.0625,1.0625,0.25,0.0475294589996338
0.0625,1.125,0.25,0.0509488582611084
0.0625,1.1875,0.25,0.0930759906768799
0.0625,1.25,0.25,0.0821356773376465
0.0625,1.3125,0.25,0.0886225700378418
0.0625,1.375,0.25,0.089585542678833
0.0625,1.4375,0.25,0.0442726612091064
0.0625,1.5,0.25,0.0559983253479004
0.0625,1.5625,0.25,0.0501739978790283
0.0625,1.625,0.25,0.0383906364440918
0.0625,1.6875,0.25,0.0151717662811279
0.0625,1.75,0.25,0.0800409317016602
0.0625,1.8125,0.25,0.177464485168457
0.0625,1.875,0.25,0.0524275302886963
0.0625,1.9375,0.25,0.0414385795593262
0.0625,0,0.3125,0.0437488555908203
0.0625,0.0625,0.3125,0.0308387279510498
0.0625,0.125,0.3125,0.0507290363311768
0.0625,0.1875,0.3125,0.0951499938964844
0.0625,0.25,0.3125,0.0924463272094727
0.0625,0.3125,0.3125,0.0636639595031738
0.0625,0.375,0.3125,0.146504878997803
0.0625,0.4375,0.3125,0.0684936046600342
0.0625,0.5,0.3125,0.078132152557373
0.0625,0.5625,0.3125,0.0670411586761475
0.0625,0.625,0.3125,0.0475766658782959
0.0625,0.6875,0.3125,0.0312654972076416
0.0625,0.75,0.3125,0.0705733299255371
0.0625,0.8125,0.3125,0.0953564643859863
0.0625,0.875,0.3125,0.107955455780029
0.0625,0.9375,0.3125,0.0508110523223877
0.0625,1,0.3125,0.157324314117432
0.0625,1.0625,0.3125,0.0391662120819092
0.0625,1.125,0.3125,0.0330090522766113
0.0625,1.1875,0.3125,0.071150541305542
0.0625,1.25,0.3125,0.093034029006958
0.0625,1.3125,0.3125,0.0547788143157959
0.0625,1.375,0.3125,0.0852854251861572
0.0625,1.4375,0.3125,0.0735559463500977
0.0625,1.5,0.3125,0.0547816753387451
0.0625,1.5625,0.3125,0.0302274227142334
0.0625,1.625,0.3125,0.0411820411682129
0.0625,1.6875,0.3125,0.0150163173675537
0.0625,1.75,0.3125,0.054656982421875
0.0625,1.8125,0.3125,0.201412439346313
0.0625,1.875,0.3125,0.137731552124023
0.0625,1.9375,0.3125,0.0554313659667969
0.0625,0,0.375,0.14247989654541
0.0625,0.0625,0.375,0.119253635406494
0.0625,0.125,0.375,0.0614323616027832
0.0625,0.1875,0.375,0.118722200393677
0.0625,0.25,0.375,0.04425048828125
0.0625,0.3125,0.375,0.0648293495178223
0.0625,0.375,0.375,0.18443751335144
0.0625,0.4375,0.375,0.110002517700195
0.0625,0.5,0.375,0.067319393157959
0.0625,0.5625,0.375,0.0420083999633789
0.0625,0.625,0.375,0.0272476673126221
0.0625,0.6875,0.375,0.0197808742523193
0.0625,0.75,0.375,0.0450563430786133
0.0625,0.8125,0.375,0.0721023082733154
0.0625,0.875,0.375,0.0720148086547852
0.0625,0.9375,0.375,0.0391054153442383
0.0625,1,0.375,0.189892292022705
0.0625,1.0625,0.375,0.042496919631958
0.0625,1.125,0.375,0.0743286609649658
0.0625,1.1875,0.375,0.0616607666015625
0.0625,1.25,0.375,0.0519349575042725
0.0625,1.3125,0.375,0.0472378730773926
0.0625,1.375,0.375,0.177024364471436
0.0625,1.4375,0.375,0.0649516582489014
0.0625,1.5,0.375,0.0195591449737549
0.0625,1.5625,0.375,0.0100092887878418
0.0625,1.625,0.375,0.021944522857666
0.0625,1.6875,0.375,0.0255112648010254
0.0625,1.75,0.375,0.0182023048400879
0.0625,1.8125,0.375,0.0848150253295898
0.0625,1.875,0.375,0.175960779190063
0.0625,1.9375,0.375,0.176894426345825
0.0625,0,0.4375,0.0264115333557129
0.0625,0.0625,0.4375,0.0903871059417725
0.0625,0.125,0.4375,0.0560197830200195
0.0625,0.1875,0.4375,0.0863065719604492
0.0625,0.25,0.4375,0.0221388339996338
0.0625,0.3125,0.4375,0.0832545757293701
0.0625,0.375,0.4375,0.0631320476531982
0.0625,0.4375,0.4375,0.180475234985352
0.0625,0.5,0.4375,0.0184423923492432
0.0625,0.5625,0.4375,0.0263681411743164
0.0625,0.625,0.4375,0.0365948677062988
0.0625,0.6875,0.4375,0.0188395977020264
0.0625,0.75,0.4375,0.150549650192261
0.0625,0.8125,0.4375,0.107314586639404
0.0625,0.875,0.4375,0.0583198070526123
0.0625,0.9375,0.4375,0.0695075988769531
0.0625,1,0.4375,0.160187244415283
0.0625,1.0625,0.4375,0.178118467330933
0.0625,1.125,0.4375,0.134064435958862
0.0625,1.1875,0.4375,0.0259764194488525
0.0625,1.25,0.4375,0.0525245666503906
0.0625,1.3125,0.4375,0.0527667999267578
0.0625,1.375,0.4375,0.174186229705811
0.0625,1.4375,0.4375,0.186373472213745
0.0625,1.5,0.4375,0.161853075027466
0.0625,1.5625,0.4375,0.1006920337677
0.0625,1.625,0.4375,0.0321893692016602
0.0625,1.6875,0.4375,0.0349628925323486
0.0625,1.75,0.4375,0.0276575088500977
0.0625,1.8125,0.4375,0.0260457992553711
0.0625,1.875,0.4375,0.0464491844177246
0.0625,1.9375,0.4375,0.124724388122559
0.0625,0,0.5,0.162407875061035
0.0625,0.0625,0.5,0.18935489654541
0.0625,0.125,0.5,0.155169248580933
0.0625,0.1875,0.5,0.129669189453125
0.0625,0.25,0.5,0.0584371089935303
0.0625,0.3125,0.5,0.0720913410186768
0.0625,0.375,0.5,0.0634939670562744
0.0625,0.4375,0.5,0.172733545303345
0.0625,0.5,0.5,0.0570800304412842
0.0625,0.5625,0.5,0.0708498954772949
0.0625,0.625,0.5,0.0766670703887939
0.0625,0.6875,0.5,0.0424072742462158
0.0625,0.75,0.5,0.170089483261108
0.0625,0.8125,0.5,0.161986589431763
0.0625,0.875,0.5,0.044525146484375
0.0625,0.9375,0.5,0.072460412979126
0.0625,1,0.5,0.0302624702453613
0.0625,1.0625,0.5,0.187967300415039
0.0625,1.125,0.5,0.161136150360107
0.0625,1.1875,0.5,0.0519685745239258
0.0625,1.25,0.5,0.0522241592407227
0.0625,1.3125,0.5,0.0725598335266113
0.0625,1.375,0.5,0.093595027923584
0.0625,1.4375,0.5,0.0596997737884521
0.0625,1.5,0.5,0.0664544105529785
0.0625,1.5625,0.5,0.0863182544708252
0.0625,1.625,0.5,0.101678848266602
0.0625,1.6875,0.5,0.0305495262145996
0.0625,1.75,0.5,0.0191183090209961
0.0625,1.8125,0.5,0.0168247222900391
0.0625,1.875,0.5,0.0256469249725342
0.0625,1.9375,0.5,0.0629298686981201
0.0625,0,0.5625,0.165937185287476
0.0625,0.0625,0.5625,0.0700175762176514
0.0625,0.125,0.5625,0.116564273834229
0.0625,0.1875,0.5625,0.166159152984619
0.0625,0.25,0.5625,0.090062141418457
0.0625,0.3125,0.5625,0.0396249294281006
0.0625,0.375,0.5625,0.0670909881591797
0.0625,0.4375,0.5625,0.0838038921356201
0.0625,0.5,0.5625,0.0542490482330322
0.0625,0.5625,0.5625,0.0630612373352051
0.0625,0.625,0.5625,0.084397554397583
0.0625,0.6875,0.5625,0.0877327919006348
0.0625,0.75,0.5625,0.100843191146851
0.0625,0.8125,0.5625,0.146491765975952
0.0625,0.875,0.5625,0.017242431640625
0.0625,0.9375,0.5625,0.0299549102783203
0.0625,1,0.5625,0.0557453632354736
0.0625,1.0625,0.5625,0.0449306964874268
0.0625,1.125,0.5625,0.0317685604095459
0.0625,1.1875,0.5625,0.0832512378692627
0.0625,1.25,0.5625,0.0619668960571289
0.0625,1.3125,0.5625,0.0418932437896729
0.0625,1.375,0.5625,0.104042530059814
0.0625,1.4375,0.5625,0.0975527763366699
0.0625,1.5,0.5625,0.0708327293395996
0.0625,1.5625,0.5625,0.0305755138397217
0.0625,1.625,0.5625,0.0751204490661621
0.0625,1.6875,0.5625,0.0786001682281494
0.0625,1.75,0.5625,0.0222105979919434
0.0625,1.8125,0.5625,0.0313420295715332
0.0625,1.875,0.5625,0.0370240211486816
0.0625,1.9375,0.5625,0.0707526206970215
0.0625,0,0.625,0.239649295806885
0.0625,0.0625,0.625,0.0232665538787842
0.0625,0.125,0.625,0.0870819091796875
0.0625,0.1875,0.625,0.243696451187134
0.0625,0.25,0.625,0.0827789306640625
0.0625,0.3125,0.625,0.0206179618835449
0.0625,0.375,0.625,0.0364227294921875
0.0625,0.4375,0.625,0.0581817626953125
0.0625,0.5,0.625,0.0633347034454346
0.0625,0.5625,0.625,0.119871139526367
0.0625,0.625,0.625,0.0346791744232178
0.0625,0.6875,0.625,0.0598235130310059
0.0625,0.75,0.625,0.130559682846069
0.0625,0.8125,0.625,0.0600063800811768
0.0625,0.875,0.625,0.0229167938232422
0.0625,0.9375,0.625,0.0188443660736084
0.0625,1,0.625,0.0569965839385986
0.0625,1.0625,0.625,0.0389628410339355
0.0625,1.125,0.625,0.0160267353057861
0.0625,1.1875,0.625,0.0574707984924316
0.0625,1.25,0.625,0.0471181869506836
0.0625,1.3125,0.625,0.027437686920166
0.0625,1.375,0.625,0.0778005123138428
0.0625,1.4375,0.625,0.104326009750366
0.0625,1.5,0.625,0.0476541519165039
0.0625,1.5625,0.625,0.0300419330596924
0.0625,1.625,0.625,0.080251932144165
0.0625,1.6875,0.625,0.071030855178833
0.0625,1.75,0.625,0.016913890838623
0.0625,1.8125,0.625,0.0472941398620605
0.0625,1.875,0.625,0.064305305480957
0.0625,1.9375,0.625,0.038388729095459
0.0625,0,0.6875,0.253324747085571
0.0625,0.0625,0.6875,0.0276401042938232
0.0625,0.125,0.6875,0.0439174175262451
0.0625,0.1875,0.6875,0.248862743377686
0.0625,0.25,0.6875,0.0726375579833984
0.0625,0.3125,0.6875,0.054004430770874
0.0625,0.375,0.6875,0.0421967506408691
0.0625,0.4375,0.6875,0.0799777507781982
0.0625,0.5,0.6875,0.124993324279785
0.0625,0.5625,0.6875,0.145301342010498
0.0625,0.625,0.6875,0.11128568649292
0.0625,0.6875,0.6875,0.123690366744995
0.0625,0.75,0.6875,0.102347612380981
0.0625,0.8125,0.6875,0.0284438133239746
0.0625,0.875,0.6875,0.0274622440338135
0.0625,0.9375,0.6875,0.0357694625854492
0.0625,1,0.6875,0.0415258407592773
0.0625,1.0625,0.6875,0.0383708477020264
0.0625,1.125,0.6875,0.0608701705932617
0.0625,1.1875,0.6875,0.0856058597564697
0.0625,1.25,0.6875,0.0560562610626221
0.0625,1.3125,0.6875,0.0386602878570557
0.0625,1.375,0.6875,0.0319857597351074
0.0625,1.4375,0.6875,0.0367138385772705
0.0625,1.5,0.6875,0.0851814746856689
0.0625,1.5625,0.6875,0.0467660427093506
0.0625,1.625,0.6875,0.107197761535645
0.0625,1.6875,0.6875,0.0506019592285156
0.0625,1.75,0.6875,0.0358710289001465
0.0625,1.8125,0.6875,0.0315263271331787
0.0625,1.875,0.6875,0.0344521999359131
0.0625,1.9375,0.6875,0.0404472351074219
0.0625,0,0.75,0.168676137924194
0.0625,0.0625,0.75,0.0693612098693848
0.0625,0.125,0.75,0.123272895812988
0.0625,0.1875,0.75,0.234123706817627
0.0625,0.25,0.75,0.0726959705352783
0.0625,0.3125,0.75,0.0710487365722656
0.0625,0.375,0.75,0.0694916248321533
0.0625,0.4375,0.75,0.101528882980347
0.0625,0.5,0.75,0.089606761932373
0.0625,0.5625,0.75,0.100986480712891
0.0625,0.625,0.75,0.123302459716797
0.0625,0.6875,0.75,0.110042810440063
0.0625,0.75,0.75,0.0616669654846191
0.0625,0.8125,0.75,0.0193941593170166
0.0625,0.875,0.75,0.0327224731445312
0.0625,0.9375,0.75,0.0561938285827637
0.0625,1,0.75,0.0328171253204346
0.0625,1.0625,0.75,0.0486483573913574
0.0625,1.125,0.75,0.0412631034851074
0.0625,1.1875,0.75,0.037559986114502
0.0625,1.25,0.75,0.0388236045837402
0.0625,1.3125,0.75,0.043057918548584
0.0625,1.375,0.75,0.0511174201965332
0.0625,1.4375,0.75,0.049382209777832
0.0625,1.5,0.75,0.0385065078735352
0.0625,1.5625,0.75,0.0286834239959717
0.0625,1.625,0.75,0.0689561367034912
0.0625,1.6875,0.75,0.056053638458252
0.0625,1.75,0.75,0.0548384189605713
0.0625,1.8125,0.75,0.0618059635162354
0.0625,1.875,0.75,0.0280215740203857
0.0625,1.9375,0.75,0.036175012588501
0.0625,0,0.8125,0.136990547180176
0.0625,0.0625,0.8125,0.0615770816802979
0.0625,0.125,0.8125,0.10263729095459
0.0625,0.1875,0.8125,0.0968031883239746
0.0625,0.25,0.8125,0.0910713672637939
0.0625,0.3125,0.8125,0.137140512466431
0.0625,0.375,0.8125,0.0447278022766113
0.0625,0.4375,0.8125,0.128687620162964
0.0625,0.5,0.8125,0.0622868537902832
0.0625,0.5625,0.8125,0.0639655590057373
0.0625,0.625,0.8125,0.0887625217437744
0.0625,0.6875,0.8125,0.0415067672729492
0.0625,0.75,0.8125,0.0561494827270508
0.0625,0.8125,0.8125,0.121256589889526
0.0625,0.875,0.8125,0.0648090839385986
0.0625,0.9375,0.8125,0.107548952102661
0.0625,1,0.8125,0.0524117946624756
0.0625,1.0625,0.8125,0.0489740371704102
0.0625,1.125,0.8125,0.0347774028778076
0.0625,1.1875,0.8125,0.0583560466766357
0.0625,1.25,0.8125,0.0825996398925781
0.0625,1.3125,0.8125,0.0507955551147461
0.0625,1.375,0.8125,0.0567247867584229
0.0625,1.4375,0.8125,0.0278708934783936
0.0625,1.5,0.8125,0.0662877559661865
0.0625,1.5625,0.8125,0.0283665657043457
0.0625,1.625,0.8125,0.0214419364929199
0.0625,1.6875,0.8125,0.0494794845581055
0.0625,1.75,0.8125,0.0532853603363037
0.0625,1.8125,0.8125,0.115764141082764
0.0625,1.875,0.8125,0.0927205085754395
0.0625,1.9375,0.8125,0.0417113304138184
0.0625,0,0.875,0.146660089492798
0.0625,0.0625,0.875,0.0839114189147949
0.0625,0.125,0.875,0.140706539154053
0.0625,0.1875,0.875,0.111353158950806
0.0625,0.25,0.875,0.0535874366760254
0.0625,0.3125,0.875,0.223984718322754
0.0625,0.375,0.875,0.204926490783691
0.0625,0.4375,0.875,0.135951995849609
0.0625,0.5,0.875,0.0335559844970703
0.0625,0.5625,0.875,0.0498881340026855
0.0625,0.625,0.875,0.0557622909545898
0.0625,0.6875,0.875,0.102765560150146
0.0625,0.75,0.875,0.0387351512908936
0.0625,0.8125,0.875,0.163225173950195
0.0625,0.875,0.875,0.152429342269897
0.0625,0.9375,0.875,0.0779309272766113
0.0625,1,0.875,0.127928733825684
0.0625,1.0625,0.875,0.0400140285491943
0.0625,1.125,0.875,0.0726890563964844
0.0625,1.1875,0.875,0.0764143466949463
0.0625,1.25,0.875,0.0491416454315186
0.0625,1.3125,0.875,0.0791850090026855
0.0625,1.375,0.875,0.0416815280914307
0.0625,1.4375,0.875,0.0371763706207275
0.0625,1.5,0.875,0.0461254119873047
0.0625,1.5625,0.875,0.0313851833343506
0.0625,1.625,0.875,0.0505316257476807
0.0625,1.6875,0.875,0.0472784042358398
0.0625,1.75,0.875,0.0279800891876221
0.0625,1.8125,0.875,0.0287601947784424
0.0625,1.875,0.875,0.0429935455322266
0.0625,1.9375,0.875,0.0537674427032471
0.0625,0,0.9375,0.161445379257202
0.0625,0.0625,0.9375,0.0887727737426758
0.0625,0.125,0.9375,0.0390939712524414
0.0625,0.1875,0.9375,0.0769448280334473
0.0625,0.25,0.9375,0.0991611480712891
0.0625,0.3125,0.9375,0.0661015510559082
0.0625,0.375,0.9375,0.0726749897003174
0.0625,0.4375,0.9375,0.0466666221618652
0.0625,0.5,0.9375,0.0360078811645508
0.0625,0.5625,0.9375,0.0467138290405273
0.0625,0.625,0.9375,0.0846183300018311
0.0625,0.6875,0.9375,0.0775687694549561
0.0625,0.75,0.9375,0.0431911945343018
0.0625,0.8125,0.9375,0.0289483070373535
0.0625,0.875,0.9375,0.161505222320557
0.0625,0.9375,0.9375,0.0362024307250977
0.0625,1,0.9375,0.13116455078125
0.0625,1.0625,0.9375,0.0552427768707275
0.0625,1.125,0.9375,0.135190725326538
0.0625,1.1875,0.9375,0.107283592224121
0.0625,1.25,0.9375,0.0534641742706299
0.0625,1.3125,0.9375,0.102480411529541
0.0625,1.375,0.9375,0.0633165836334229
0.0625,1.4375,0.9375,0.0650138854980469
0.0625,1.5,0.9375,0.111348628997803
0.0625,1.5625,0.9375,0.0764694213867188
0.0625,1.625,0.9375,0.0625379085540771
0.0625,1.6875,0.9375,0.0288729667663574
0.0625,1.75,0.9375,0.0258612632751465
0.0625,1.8125,0.9375,0.0303158760070801
0.0625,1.875,0.9375,0.0223054885864258
0.0625,1.9375,0.9375,0.0289428234100342
0.0625,0,1,0.165730237960815
0.0625,0.0625,1,0.101548671722412
0.0625,0.125,1,0.139289617538452
0.0625,0.1875,1,0.180819272994995
0.0625,0.25,1,0.122403144836426
0.0625,0.3125,1,0.0635077953338623
0.0625,0.375,1,0.032005786895752
0.0625,0.4375,1,0.0481777191162109
0.0625,0.5,1,0.0242280960083008
0.0625,0.5625,1,0.0587522983551025
0.0625,0.625,1,0.102192640304565
0.0625,0.6875,1,0.06036376953125
0.0625,0.75,1,0.0929028987884521
0.0625,0.8125,1,0.108602046966553
0.0625,0.875,1,0.131748199462891
0.0625,0.9375,1,0.0608689785003662
0.0625,1,1,0.119608640670776
0.0625,1.0625,1,0.119923830032349
0.0625,1.125,1,0.0834043025970459
0.0625,1.1875,1,0.0718698501586914
0.0625,1.25,1,0.0506577491760254
0.0625,1.3125,1,0.132052898406982
0.0625,1.375,1,0.0814023017883301
0.0625,1.4375,1,0.0379683971405029
0.0625,1.5,1,0.149497032165527
0.0625,1.5625,1,0.0546927452087402
0.0625,1.625,1,0.0420830249786377
0.0625,1.6875,1,0.0422720909118652
0.0625,1.75,1,0.0416758060455322
0.0625,1.8125,1,0.0579779148101807
0.0625,1.875,1,0.0494468212127686
0.0625,1.9375,1,0.0279004573822021
0.0625,0,1.0625,0.176999568939209
0.0625,0.0625,1.0625,0.0926394462585449
0.0625,0.125,1.0625,0.0923597812652588
0.0625,0.1875,1.0625,0.11201286315918
0.0625,0.25,1.0625,0.162223815917969
0.0625,0.3125,1.0625,0.0832550525665283
0.0625,0.375,1.0625,0.024428129196167
0.0625,0.4375,1.0625,0.0422995090484619
0.0625,0.5,1.0625,0.0336067676544189
0.0625,0.5625,1.0625,0.141615629196167
0.0625,0.625,1.0625,0.0775303840637207
0.0625,0.6875,1.0625,0.0668938159942627
0.0625,0.75,1.0625,0.0378513336181641
0.0625,0.8125,1.0625,0.0182445049285889
0.0625,0.875,1.0625,0.0221362113952637
0.0625,0.9375,1.0625,0.0257523059844971
0.0625,1,1.0625,0.0644054412841797
0.0625,1.0625,1.0625,0.0510621070861816
0.0625,1.125,1.0625,0.124244689941406
0.0625,1.1875,1.0625,0.116068840026855
0.0625,1.25,1.0625,0.128170251846313
0.0625,1.3125,1.0625,0.113646030426025
0.0625,1.375,1.0625,0.0831389427185059
0.0625,1.4375,1.0625,0.0966510772705078
0.0625,1.5,1.0625,0.131570100784302
0.0625,1.5625,1.0625,0.191299915313721
0.0625,1.625,1.0625,0.223347425460815
0.0625,1.6875,1.0625,0.182793855667114
0.0625,1.75,1.0625,0.0228691101074219
0.0625,1.8125,1.0625,0.0333807468414307
0.0625,1.875,1.0625,0.0413479804992676
0.0625,1.9375,1.0625,0.0352303981781006
0.0625,0,1.125,0.0439295768737793
0.0625,0.0625,1.125,0.0618331432342529
0.0625,0.125,1.125,0.0910549163818359
0.0625,0.1875,1.125,0.0695173740386963
0.0625,0.25,1.125,0.0859043598175049
0.0625,0.3125,1.125,0.132989645004272
0.0625,0.375,1.125,0.0644576549530029
0.0625,0.4375,1.125,0.0311450958251953
0.0625,0.5,1.125,0.0299100875854492
0.0625,0.5625,1.125,0.166000366210938
0.0625,0.625,1.125,0.0806231498718262
0.0625,0.6875,1.125,0.0758049488067627
0.0625,0.75,1.125,0.0610346794128418
0.0625,0.8125,1.125,0.072052001953125
0.0625,0.875,1.125,0.0525071620941162
0.0625,0.9375,1.125,0.0292901992797852
0.0625,1,1.125,0.0526912212371826
0.0625,1.0625,1.125,0.0688984394073486
0.0625,1.125,1.125,0.212557315826416
0.0625,1.1875,1.125,0.0344970226287842
0.0625,1.25,1.125,0.0719754695892334
0.0625,1.3125,1.125,0.0346193313598633
0.0625,1.375,1.125,0.0631344318389893
0.0625,1.4375,1.125,0.0604953765869141
0.0625,1.5,1.125,0.0747945308685303
0.0625,1.5625,1.125,0.105113506317139
0.0625,1.625,1.125,0.0816152095794678
0.0625,1.6875,1.125,0.158385038375854
0.0625,1.75,1.125,0.176231622695923
0.0625,1.8125,1.125,0.0400474071502686
0.0625,1.875,1.125,0.0344810485839844
0.0625,1.9375,1.125,0.0403931140899658
0.0625,0,1.1875,0.0705411434173584
0.0625,0.0625,1.1875,0.0764462947845459
0.0625,0.125,1.1875,0.0546348094940186
0.0625,0.1875,1.1875,0.0370807647705078
0.0625,0.25,1.1875,0.0668323040008545
0.0625,0.3125,1.1875,0.0579187870025635
0.0625,0.375,1.1875,0.109145164489746
0.0625,0.4375,1.1875,0.0897362232208252
0.0625,0.5,1.1875,0.0636837482452393
0.0625,0.5625,1.1875,0.146302461624146
0.0625,0.625,1.1875,0.181325674057007
0.0625,0.6875,1.1875,0.0585653781890869
0.0625,0.75,1.1875,0.0351777076721191
0.0625,0.8125,1.1875,0.059842586517334
0.0625,0.875,1.1875,0.0252735614776611
0.0625,0.9375,1.1875,0.0290753841400146
0.0625,1,1.1875,0.0565319061279297
0.0625,1.0625,1.1875,0.0656075477600098
0.0625,1.125,1.1875,0.230769395828247
0.0625,1.1875,1.1875,0.254565477371216
0.0625,1.25,1.1875,0.0691840648651123
0.0625,1.3125,1.1875,0.0640430450439453
0.0625,1.375,1.1875,0.0624067783355713
0.0625,1.4375,1.1875,0.0556185245513916
0.0625,1.5,1.1875,0.0694873332977295
0.0625,1.5625,1.1875,0.122708082199097
0.0625,1.625,1.1875,0.117338418960571
0.0625,1.6875,1.1875,0.0608410835266113
0.0625,1.75,1.1875,0.234448194503784
0.0625,1.8125,1.1875,0.0206625461578369
0.0625,1.875,1.1875,0.0172193050384521
0.0625,1.9375,1.1875,0.020186185836792
0.0625,0,1.25,0.069422721862793
0.0625,0.0625,1.25,0.065540075302124
0.0625,0.125,1.25,0.0629549026489258
0.0625,0.1875,1.25,0.0519881248474121
0.0625,0.25,1.25,0.0840432643890381
0.0625,0.3125,1.25,0.0450220108032227
0.0625,0.375,1.25,0.106717109680176
0.0625,0.4375,1.25,0.0996837615966797
0.0625,0.5,1.25,0.0782914161682129
0.0625,0.5625,1.25,0.0821304321289062
0.0625,0.625,1.25,0.181365489959717
0.0625,0.6875,1.25,0.0924465656280518
0.0625,0.75,1.25,0.106379508972168
0.0625,0.8125,1.25,0.061037540435791
0.0625,0.875,1.25,0.0567314624786377
0.0625,0.9375,1.25,0.0517284870147705
0.0625,1,1.25,0.120501518249512
0.0625,1.0625,1.25,0.0867433547973633
0.0625,1.125,1.25,0.0692152976989746
0.0625,1.1875,1.25,0.252241611480713
0.0625,1.25,1.25,0.0773744583129883
0.0625,1.3125,1.25,0.178051948547363
0.0625,1.375,1.25,0.213467359542847
0.0625,1.4375,1.25,0.1380774974823
0.0625,1.5,1.25,0.155780792236328
0.0625,1.5625,1.25,0.124525785446167
0.0625,1.625,1.25,0.102821111679077
0.0625,1.6875,1.25,0.0339808464050293
0.0625,1.75,1.25,0.243762731552124
0.0625,1.8125,1.25,0.0322637557983398
0.0625,1.875,1.25,0.0216257572174072
0.0625,1.9375,1.25,0.0368356704711914
0.0625,0,1.3125,0.0270135402679443
0.0625,0.0625,1.3125,0.029902458190918
0.0625,0.125,1.3125,0.0554556846618652
0.0625,0.1875,1.3125,0.0287795066833496
0.0625,0.25,1.3125,0.0632591247558594
0.0625,0.3125,1.3125,0.22093939781189
0.0625,0.375,1.3125,0.1094970703125
0.0625,0.4375,1.3125,0.260666131973267
0.0625,0.5,1.3125,0.243503570556641
0.0625,0.5625,1.3125,0.0447933673858643
0.0625,0.625,1.3125,0.123839855194092
0.0625,0.6875,1.3125,0.0956969261169434
0.0625,0.75,1.3125,0.158202886581421
0.0625,0.8125,1.3125,0.0235505104064941
0.0625,0.875,1.3125,0.0130727291107178
0.0625,0.9375,1.3125,0.0393149852752686
0.0625,1,1.3125,0.0929887294769287
0.0625,1.0625,1.3125,0.0783276557922363
0.0625,1.125,1.3125,0.0303232669830322
0.0625,1.1875,1.3125,0.244855165481567
0.0625,1.25,1.3125,0.260596513748169
0.0625,1.3125,1.3125,0.230726957321167
0.0625,1.375,1.3125,0.0682001113891602
0.0625,1.4375,1.3125,0.141382455825806
0.0625,1.5,1.3125,0.201190233230591
0.0625,1.5625,1.3125,0.19152045249939
0.0625,1.625,1.3125,0.0699887275695801
0.0625,1.6875,1.3125,0.0543513298034668
0.0625,1.75,1.3125,0.225099802017212
0.0625,1.8125,1.3125,0.0794909000396729
0.0625,1.875,1.3125,0.0652379989624023
0.0625,1.9375,1.3125,0.126085042953491
0.0625,0,1.375,0.0859148502349854
0.0625,0.0625,1.375,0.0214965343475342
0.0625,0.125,1.375,0.0472009181976318
0.0625,0.1875,1.375,0.0455918312072754
0.0625,0.25,1.375,0.100707769393921
0.0625,0.3125,1.375,0.240848779678345
0.0625,0.375,1.375,0.244901180267334
0.0625,0.4375,1.375,0.169058322906494
0.0625,0.5,1.375,0.221157312393188
0.0625,0.5625,1.375,0.19935154914856
0.0625,0.625,1.375,0.221180200576782
0.0625,0.6875,1.375,0.219469308853149
0.0625,0.75,1.375,0.170792579650879
0.0625,0.8125,1.375,0.0117800235748291
0.0625,0.875,1.375,0.0177819728851318
0.0625,0.9375,1.375,0.0176537036895752
0.0625,1,1.375,0.0552186965942383
0.0625,1.0625,1.375,0.0724501609802246
0.0625,1.125,1.375,0.024998664855957
0.0625,1.1875,1.375,0.0152435302734375
0.0625,1.25,1.375,0.0342814922332764
0.0625,1.3125,1.375,0.0270528793334961
0.0625,1.375,1.375,0.0113275051116943
0.0625,1.4375,1.375,0.0270626544952393
0.0625,1.5,1.375,0.0821218490600586
0.0625,1.5625,1.375,0.164126873016357
0.0625,1.625,1.375,0.177875757217407
0.0625,1.6875,1.375,0.116965293884277
0.0625,1.75,1.375,0.0605707168579102
0.0625,1.8125,1.375,0.0731766223907471
0.0625,1.875,1.375,0.107000589370728
0.0625,1.9375,1.375,0.0833485126495361
0.0625,0,1.4375,0.0970077514648438
0.0625,0.0625,1.4375,0.0309689044952393
0.0625,0.125,1.4375,0.0611634254455566
0.0625,0.1875,1.4375,0.0580847263336182
0.0625,0.25,1.4375,0.118931770324707
0.0625,0.3125,1.4375,0.0443572998046875
0.0625,0.375,1.4375,0.256566762924194
0.0625,0.4375,1.4375,0.0754735469818115
0.0625,0.5,1.4375,0.092628002166748
0.0625,0.5625,1.4375,0.070561408996582
0.0625,0.625,1.4375,0.072852611541748
0.0625,0.6875,1.4375,0.0830526351928711
0.0625,0.75,1.4375,0.0208427906036377
0.0625,0.8125,1.4375,0.0234673023223877
0.0625,0.875,1.4375,0.0355386734008789
0.0625,0.9375,1.4375,0.0445225238800049
0.0625,1,1.4375,0.0337934494018555
0.0625,1.0625,1.4375,0.0416991710662842
0.0625,1.125,1.4375,0.0486197471618652
0.0625,1.1875,1.4375,0.0279240608215332
0.0625,1.25,1.4375,0.02413010597229
0.0625,1.3125,1.4375,0.026961088180542
0.0625,1.375,1.4375,0.00896906852722168
0.0625,1.4375,1.4375,0.00976252555847168
0.0625,1.5,1.4375,0.0410289764404297
0.0625,1.5625,1.4375,0.0545144081115723
0.0625,1.625,1.4375,0.0942738056182861
0.0625,1.6875,1.4375,0.0282011032104492
0.0625,1.75,1.4375,0.0538983345031738
0.0625,1.8125,1.4375,0.0303447246551514
0.0625,1.875,1.4375,0.0522670745849609
0.0625,1.9375,1.4375,0.0435712337493896
0.0625,0,1.5,0.0619204044342041
0.0625,0.0625,1.5,0.0336349010467529
0.0625,0.125,1.5,0.0447955131530762
0.0625,0.1875,1.5,0.103179693222046
0.0625,0.25,1.5,0.244708299636841
0.0625,0.3125,1.5,0.0171523094177246
0.0625,0.375,1.5,0.0465376377105713
0.0625,0.4375,1.5,0.0742249488830566
0.0625,0.5,1.5,0.110153675079346
0.0625,0.5625,1.5,0.0437641143798828
0.0625,0.625,1.5,0.0314908027648926
0.0625,0.6875,1.5,0.100384473800659
0.0625,0.75,1.5,0.0292544364929199
0.0625,0.8125,1.5,0.0267620086669922
0.0625,0.875,1.5,0.0245420932769775
0.0625,0.9375,1.5,0.0195701122283936
0.0625,1,1.5,0.0197920799255371
0.0625,1.0625,1.5,0.0248503684997559
0.0625,1.125,1.5,0.0355336666107178
0.0625,1.1875,1.5,0.0323069095611572
0.0625,1.25,1.5,0.0303049087524414
0.0625,1.3125,1.5,0.0326566696166992
0.0625,1.375,1.5,0.0136144161224365
0.0625,1.4375,1.5,0.0151777267456055
0.0625,1.5,1.5,0.00972628593444824
0.0625,1.5625,1.5,0.0370087623596191
0.0625,1.625,1.5,0.0835940837860107
0.0625,1.6875,1.5,0.0806379318237305
0.0625,1.75,1.5,0.0802323818206787
0.0625,1.8125,1.5,0.0707414150238037
0.0625,1.875,1.5,0.0555660724639893
0.0625,1.9375,1.5,0.119645118713379
0.0625,0,1.5625,0.0507791042327881
0.0625,0.0625,1.5625,0.0529763698577881
0.0625,0.125,1.5625,0.0317070484161377
0.0625,0.1875,1.5625,0.113242387771606
0.0625,0.25,1.5625,0.241441249847412
0.0625,0.3125,1.5625,0.022040843963623
0.0625,0.375,1.5625,0.0497829914093018
0.0625,0.4375,1.5625,0.0435535907745361
0.0625,0.5,1.5625,0.092684268951416
0.0625,0.5625,1.5625,0.102843046188354
0.0625,0.625,1.5625,0.125982284545898
0.0625,0.6875,1.5625,0.121655941009521
0.0625,0.75,1.5625,0.0286979675292969
0.0625,0.8125,1.5625,0.0184438228607178
0.0625,0.875,1.5625,0.0266799926757812
0.0625,0.9375,1.5625,0.0517101287841797
0.0625,1,1.5625,0.0390720367431641
0.0625,1.0625,1.5625,0.0124039649963379
0.0625,1.125,1.5625,0.0231480598449707
0.0625,1.1875,1.5625,0.0434892177581787
0.0625,1.25,1.5625,0.0455093383789062
0.0625,1.3125,1.5625,0.0270421504974365
0.0625,1.375,1.5625,0.019733190536499
0.0625,1.4375,1.5625,0.0272824764251709
0.0625,1.5,1.5625,0.024029016494751
0.0625,1.5625,1.5625,0.0407030582427979
0.0625,1.625,1.5625,0.0393385887145996
0.0625,1.6875,1.5625,0.0323722362518311
0.0625,1.75,1.5625,0.0252456665039062
0.0625,1.8125,1.5625,0.124970197677612
0.0625,1.875,1.5625,0.0930559635162354
0.0625,1.9375,1.5625,0.0713558197021484
0.0625,0,1.625,0.0976798534393311
0.0625,0.0625,1.625,0.0405240058898926
0.0625,0.125,1.625,0.0764765739440918
0.0625,0.1875,1.625,0.0927021503448486
0.0625,0.25,1.625,0.174386978149414
0.0625,0.3125,1.625,0.0108733177185059
0.0625,0.375,1.625,0.0143969058990479
0.0625,0.4375,1.625,0.0268299579620361
0.0625,0.5,1.625,0.0460290908813477
0.0625,0.5625,1.625,0.0501720905303955
0.0625,0.625,1.625,0.0392260551452637
0.0625,0.6875,1.625,0.0290770530700684
0.0625,0.75,1.625,0.024592399597168
0.0625,0.8125,1.625,0.0190896987915039
0.0625,0.875,1.625,0.029813289642334
0.0625,0.9375,1.625,0.0582799911499023
0.0625,1,1.625,0.0405256748199463
0.0625,1.0625,1.625,0.0345516204833984
0.0625,1.125,1.625,0.0306916236877441
0.0625,1.1875,1.625,0.0269477367401123
0.0625,1.25,1.625,0.0343489646911621
0.0625,1.3125,1.625,0.0432467460632324
0.0625,1.375,1.625,0.0209498405456543
0.0625,1.4375,1.625,0.0256025791168213
0.0625,1.5,1.625,0.0119173526763916
0.0625,1.5625,1.625,0.0219764709472656
0.0625,1.625,1.625,0.0130066871643066
0.0625,1.6875,1.625,0.0294432640075684
0.0625,1.75,1.625,0.0306479930877686
0.0625,1.8125,1.625,0.164328336715698
0.0625,1.875,1.625,0.210619688034058
0.0625,1.9375,1.625,0.0371508598327637
0.0625,0,1.6875,0.0444221496582031
0.0625,0.0625,1.6875,0.0354433059692383
0.0625,0.125,1.6875,0.041736364364624
0.0625,0.1875,1.6875,0.0569491386413574
0.0625,0.25,1.6875,0.246802091598511
0.0625,0.3125,1.6875,0.261013507843018
0.0625,0.375,1.6875,0.0177676677703857
0.0625,0.4375,1.6875,0.017709493637085
0.0625,0.5,1.6875,0.0135927200317383
0.0625,0.5625,1.6875,0.0104990005493164
0.0625,0.625,1.6875,0.0122931003570557
0.0625,0.6875,1.6875,0.0209875106811523
0.0625,0.75,1.6875,0.00656890869140625
0.0625,0.8125,1.6875,0.0102849006652832
0.0625,0.875,1.6875,0.0271718502044678
0.0625,0.9375,1.6875,0.0386435985565186
0.0625,1,1.6875,0.0810601711273193
0.0625,1.0625,1.6875,0.0536494255065918
0.0625,1.125,1.6875,0.0505759716033936
0.0625,1.1875,1.6875,0.0267300605773926
0.0625,1.25,1.6875,0.00848746299743652
0.0625,1.3125,1.6875,0.0472660064697266
0.0625,1.375,1.6875,0.0375409126281738
0.0625,1.4375,1.6875,0.0138626098632812
0.0625,1.5,1.6875,0.0156164169311523
0.0625,1.5625,1.6875,0.0173118114471436
0.0625,1.625,1.6875,0.00893950462341309
0.0625,1.6875,1.6875,0.0337274074554443
0.0625,1.75,1.6875,0.0276951789855957
0.0625,1.8125,1.6875,0.0276131629943848
0.0625,1.875,1.6875,0.226364612579346
0.0625,1.9375,1.6875,0.243498086929321
0.0625,0,1.75,0.139948606491089
0.0625,0.0625,1.75,0.107871055603027
0.0625,0.125,1.75,0.116800546646118
0.0625,0.1875,1.75,0.0629892349243164
0.0625,0.25,1.75,0.076617956161499
0.0625,0.3125,1.75,0.257301330566406
0.0625,0.375,1.75,0.203614711761475
0.0625,0.4375,1.75,0.0324466228485107
0.0625,0.5,1.75,0.0260074138641357
0.0625,0.5625,1.75,0.0227599143981934
0.0625,0.625,1.75,0.0202937126159668
0.0625,0.6875,1.75,0.0213496685028076
0.0625,0.75,1.75,0.00689172744750977
0.0625,0.8125,1.75,0.0129008293151855
0.0625,0.875,1.75,0.0225019454956055
0.0625,0.9375,1.75,0.0358126163482666
0.0625,1,1.75,0.120813608169556
0.0625,1.0625,1.75,0.0646610260009766
0.0625,1.125,1.75,0.054739236831665
0.0625,1.1875,1.75,0.0210869312286377
0.0625,1.25,1.75,0.0210392475128174
0.0625,1.3125,1.75,0.0244672298431396
0.0625,1.375,1.75,0.0498855113983154
0.0625,1.4375,1.75,0.0272386074066162
0.0625,1.5,1.75,0.0222618579864502
0.0625,1.5625,1.75,0.00743412971496582
0.0625,1.625,1.75,0.00770449638366699
0.0625,1.6875,1.75,0.0251805782318115
0.0625,1.75,1.75,0.0185782909393311
0.0625,1.8125,1.75,0.0261862277984619
0.0625,1.875,1.75,0.00844097137451172
0.0625,1.9375,1.75,0.100728273391724
0.0625,0,1.8125,0.0569415092468262
0.0625,0.0625,1.8125,0.168262958526611
0.0625,0.125,1.8125,0.158527851104736
0.0625,0.1875,1.8125,0.142758131027222
0.0625,0.25,1.8125,0.0326902866363525
0.0625,0.3125,1.8125,0.0677697658538818
0.0625,0.375,1.8125,0.174856185913086
0.0625,0.4375,1.8125,0.171639442443848
0.0625,0.5,1.8125,0.168900489807129
0.0625,0.5625,1.8125,0.0432858467102051
0.0625,0.625,1.8125,0.0297377109527588
0.0625,0.6875,1.8125,0.0102863311767578
0.0625,0.75,1.8125,0.00766301155090332
0.0625,0.8125,1.8125,0.0121986865997314
0.0625,0.875,1.8125,0.009368896484375
0.0625,0.9375,1.8125,0.0171656608581543
0.0625,1,1.8125,0.0913598537445068
0.0625,1.0625,1.8125,0.073941707611084
0.0625,1.125,1.8125,0.0626804828643799
0.0625,1.1875,1.8125,0.0308516025543213
0.0625,1.25,1.8125,0.0127096176147461
0.0625,1.3125,1.8125,0.0127701759338379
0.0625,1.375,1.8125,0.0255649089813232
0.0625,1.4375,1.8125,0.0179336071014404
0.0625,1.5,1.8125,0.0165784358978271
0.0625,1.5625,1.8125,0.0153167247772217
0.0625,1.625,1.8125,0.0105857849121094
0.0625,1.6875,1.8125,0.0242948532104492
0.0625,1.75,1.8125,0.0410811901092529
0.0625,1.8125,1.8125,0.0328776836395264
0.0625,1.875,1.8125,0.0243420600891113
0.0625,1.9375,1.8125,0.0129897594451904
0.0625,0,1.875,0.072695255279541
0.0625,0.0625,1.875,0.182002067565918
0.0625,0.125,1.875,0.0421907901763916
0.0625,0.1875,1.875,0.0515661239624023
0.0625,0.25,1.875,0.0246882438659668
0.0625,0.3125,1.875,0.0697870254516602
0.0625,0.375,1.875,0.0943484306335449
0.0625,0.4375,1.875,0.114157199859619
0.0625,0.5,1.875,0.136223316192627
0.0625,0.5625,1.875,0.0131795406341553
0.0625,0.625,1.875,0.0193617343902588
0.0625,0.6875,1.875,0.0197718143463135
0.0625,0.75,1.875,0.0145778656005859
0.0625,0.8125,1.875,0.0162467956542969
0.0625,0.875,1.875,0.0102343559265137
0.0625,0.9375,1.875,0.0166189670562744
0.0625,1,1.875,0.0778646469116211
0.0625,1.0625,1.875,0.106826543807983
0.0625,1.125,1.875,0.0511281490325928
0.0625,1.1875,1.875,0.0186798572540283
0.0625,1.25,1.875,0.0195205211639404
0.0625,1.3125,1.875,0.013944149017334
0.0625,1.375,1.875,0.0215668678283691
0.0625,1.4375,1.875,0.0172617435455322
0.0625,1.5,1.875,0.0177464485168457
0.0625,1.5625,1.875,0.0125017166137695
0.0625,1.625,1.875,0.0268237590789795
0.0625,1.6875,1.875,0.0322360992431641
0.0625,1.75,1.875,0.0663635730743408
0.0625,1.8125,1.875,0.091294527053833
0.0625,1.875,1.875,0.0705599784851074
0.0625,1.9375,1.875,0.104918241500854
0.0625,0,1.9375,0.262214422225952
0.0625,0.0625,1.9375,0.190049886703491
0.0625,0.125,1.9375,0.0361459255218506
0.0625,0.1875,1.9375,0.0304479598999023
0.0625,0.25,1.9375,0.0215849876403809
0.0625,0.3125,1.9375,0.053537130355835
0.0625,0.375,1.9375,0.0281088352203369
0.0625,0.4375,1.9375,0.127370357513428
0.0625,0.5,1.9375,0.146377325057983
0.0625,0.5625,1.9375,0.0209150314331055
0.0625,0.625,1.9375,0.0177559852600098
0.0625,0.6875,1.9375,0.0210752487182617
0.0625,0.75,1.9375,0.0154707431793213
0.0625,0.8125,1.9375,0.0111262798309326
0.0625,0.875,1.9375,0.00905013084411621
0.0625,0.9375,1.9375,0.0109167098999023
0.0625,1,1.9375,0.0286076068878174
0.0625,1.0625,1.9375,0.0671169757843018
0.0625,1.125,1.9375,0.0363333225250244
0.0625,1.1875,1.9375,0.0343520641326904
0.0625,1.25,1.9375,0.0250213146209717
0.0625,1.3125,1.9375,0.0285584926605225
0.0625,1.375,1.9375,0.0369429588317871
0.0625,1.4375,1.9375,0.017021656036377
0.0625,1.5,1.9375,0.0252900123596191
0.0625,1.5625,1.9375,0.0341546535491943
0.0625,1.625,1.9375,0.046626091003418
0.0625,1.6875,1.9375,0.0304358005523682
0.0625,1.75,1.9375,0.016167163848877
0.0625,1.8125,1.9375,0.0223543643951416
0.0625,1.875,1.9375,0.106059551239014
0.0625,1.9375,1.9375,0.110968351364136
